12
32
3 5	8320
5 3	8320
3 4	1200
4 3	1200
5 6	480
6 5	480
5 7	720
7 5	720
6 7	480
7 6	480
7 8	1600
8 7	1600
8 9	880
9 8	880
9 10 2640
10 9 2640
10 11 16480
11 10 16480
12 11 3840
11 12 3840
1 3	2560
3 1	2560
2 4	1120
4 2	1120
6 9	2080
9 6	2080
8 12 15440
12 8 15440
10 7 4560
7 10 4560
5 9	1680
9 5	1680
